30.435
30.742
32.255
31.143
31.735
31.766
29.844
31.471
32.479
33.412
33.799
34.092
34.211
34.425
34.318
33.458
29.178
10.153
10.143
11.740
12.427
3.750
7.663
31.181
33.225
33.863
34.869
34.966
34.975
34.978
34.979
34.982
34.985
34.985
34.985
34.984
34.979
34.968
34.971
34.971
34.906
34.921
29.599
34.329
26.206
17.926
27.817
15.992
7.255
5.080
2.851
4.167
4.815
2.448
0.709
1.138
-1.371
6.541
6.036
4.446
1.184
18.966
28.927
30.554
28.340
26.920
27.078
33.733
34.864
34.959
34.975
34.979
34.981
34.982
34.982
34.982
34.981
34.980
34.978
34.977
34.977
34.976
34.977
34.978
34.978
34.979
34.976
34.977
34.979
34.982
34.980
34.981
34.982
34.980
34.982
34.978
34.977
34.970
34.958
34.964
34.963
34.971
34.974
34.974
34.978
34.974
34.976
34.971
34.960
34.970
34.954
34.962
34.952
34.856
34.890
34.766
34.628
33.513
32.880
30.919
29.754
25.523
23.570
19.317
16.872
11.194
9.371
1.890
-2.774
2.383
-0.269
2.437
5.901
2.637
4.434
7.108
4.434
2.724
4.796
0.434
-0.921
-3.569
-2.120
-5.016
0.248
0.107
-1.097
1.549
1.125
2.655
4.263
1.565
0.553
-0.153
-3.004
1.774
1.437
0.458
-1.847
5.498
5.054
1.383
3.937
7.449
8.612
4.623
4.851
1.794
0.465
3.276
5.679
3.763
4.831
3.515
5.515
-0.812
3.537
4.017
2.392
7.065
7.145
4.855
6.962
4.574
1.604
-0.075
-3.301
-0.713
-0.154
2.405
4.784
2.377
-2.868
0.155
1.847
3.167
2.544
2.936
1.899
5.728
8.925
3.235
6.208
3.964
2.885
0.428
6.118
1.433
1.286
6.632
0.767
4.425
6.808
4.125
2.578
-0.785
7.943
3.177
4.471
16.791
24.890
30.604
33.247
33.978
34.036
34.286
34.353
34.378
34.438
34.427
34.436
34.570
34.510
34.379
33.504
34.948
34.974
34.977
34.980
34.980
34.982
34.982
34.981
34.982
34.982
34.980
34.980
34.980
34.981
34.983
34.984
34.983
34.984
34.983
34.982
34.980
34.976
34.975
34.964
34.958
34.955
34.941
34.932
34.893
34.768
34.587
34.271
32.632
27.811
20.632
12.855
17.248
9.782
10.774
13.971
10.288
5.066
0.758
5.230
4.635
2.800
3.231
4.515
-1.495
8.129
13.420
20.689
18.695
19.270
16.407
27.944
33.853
32.761
25.028
33.932
34.920
34.962
34.971
34.953
34.757
34.602
34.842
34.917
34.859
34.178
32.530
29.240
23.625
34.185
34.551
33.723
31.355
34.757
34.962
34.976
34.979
34.978
34.980
34.977
34.977
34.958
34.947
34.961
34.963
34.969
34.962
34.966
34.956
34.961
34.955
34.956
34.951
34.935
34.940
34.908
34.922
34.881
34.826
34.663
34.098
32.254
31.172
30.019
27.944
25.522
16.139
15.889
33.936
34.654
34.693
34.741
34.594
34.731
34.952
34.970
34.977
34.977
34.976
34.976
34.976
34.978
34.975
34.979
34.976
34.980
34.977
34.976
34.975
34.962
34.967
34.948
34.948
34.938
34.937
34.939
34.950
34.949
34.948
34.937
34.933
34.904
34.827
34.721
34.587
34.749
34.793
34.827
34.810
34.401
31.818
29.231
29.752
31.860
34.642
34.955
34.979
34.984
34.985
34.985
34.984
34.983
34.982
34.974
34.966
34.965
34.965
34.963
34.940
34.841
34.627
33.889
30.346
30.658
32.811
34.282
34.842
34.969
34.982
34.980
34.532
28.280
22.663
21.475
22.152
18.269
21.080
25.528
21.696
34.181
34.618
34.298
34.532
34.796
34.958
34.968
34.970
34.962
34.959
34.967
34.969
34.970
34.968
34.971
34.970
34.972
34.973
34.975
34.974
34.974
34.974
34.977
34.978
34.965
34.747
33.923
31.701
27.328
25.442
30.729
34.604
34.769
34.885
34.971
34.978
34.981
34.982
34.983
34.981
34.982
34.979
34.982
34.978
34.975
34.974
34.943
34.875
34.788
34.770
34.816
34.843
34.927
34.925
34.940
34.932
34.946
34.948
34.958
34.958
34.942
34.935
34.621
28.532
23.302
17.710
19.185
17.794
15.025
22.538
23.451
-12.296
