-5.293
-5.793
-5.092
3.518
13.229
16.993
18.820
19.747
20.415
19.437
18.430
19.648
19.645
17.852
16.869
17.007
16.800
16.131
15.213
14.580
14.412
14.394
14.230
11.642
11.879
13.425
13.288
11.954
11.648
12.851
11.652
11.148
9.823
10.001
8.653
6.211
4.085
3.627
3.012
-2.104
-2.439
-2.049
-7.653
-5.997
-2.869
-3.630
-4.277
-4.701
-2.527
-5.239
-8.125
-11.620
-14.181
-13.776
-14.273
-13.644
-13.920
-13.355
-9.449
-11.840
-13.701
-14.514
-14.881
-14.918
-14.850
-14.821
-14.913
-14.950
-14.952
-14.931
-14.903
-14.927
-14.947
-14.937
-14.949
-14.967
-14.950
-14.959
-14.965
-14.955
-14.964
-14.960
-14.954
-14.948
-14.926
-14.921
-14.950
-14.884
-14.942
-14.949
-14.939
-14.930
-14.939
-14.914
-14.942
-14.936
-14.938
-14.840
-14.933
-14.953
-14.912
-14.912
-14.913
-14.891
-14.907
-14.941
-14.947
-14.939
-14.933
-14.807
-14.904
-14.943
-14.953
-14.956
-14.947
-14.957
-14.955
-14.947
-14.914
-14.756
-14.927
-14.946
-14.943
-14.958
-14.939
-14.860
-14.913
-14.911
-8.086
12.876
18.200
19.709
19.972
20.032
19.437
18.854
18.180
17.806
17.462
18.495
19.080
19.122
20.754
21.033
20.097
20.038
19.763
19.277
19.601
19.505
18.435
17.757
18.240
17.211
15.916
16.733
12.833
4.368
-2.301
-2.792
-6.922
-8.647
-7.473
-1.306
-2.638
-0.912
-5.421
10.644
12.534
11.387
8.305
5.486
2.665
-0.087
-1.777
-0.555
-0.339
-1.935
-1.210
0.198
-0.279
1.592
1.754
-0.250
0.869
0.786
-1.597
-5.359
3.697
18.438
21.823
21.101
19.880
19.319
18.656
19.112
19.534
19.418
19.190
18.514
17.301
16.067
15.267
8.557
3.933
-4.391
-7.973
-2.230
8.345
14.086
14.429
12.944
11.968
6.613
11.906
14.403
15.001
14.921
14.954
14.416
12.296
11.771
12.071
11.758
9.422
4.389
-0.207
-2.633
-7.458
-11.819
-14.084
-14.683
-14.820
-14.864
-14.295
10.424
19.554
20.619
20.256
19.045
17.517
17.302
17.008
17.137
16.708
16.756
14.801
13.949
14.448
13.785
13.267
6.535
3.488
5.193
5.861
6.824
5.285
10.009
10.605
9.306
9.578
10.022
8.341
6.686
8.278
9.008
3.745
4.551
1.627
-2.213
-6.067
-2.481
-8.720
-9.259
-11.051
-13.528
-13.434
-14.194
-14.534
-14.132
-14.735
-14.843
-14.913
-14.888
-14.893
-14.930
-14.903
-14.935
-14.927
-14.830
-14.912
-14.830
-14.795
-14.905
-14.621
-12.639
-6.438
-12.455
-14.148
-14.520
-14.679
10.340
13.639
15.918
14.917
17.712
18.682
19.025
19.220
20.859
19.737
18.786
17.474
16.804
14.420
9.706
7.165
2.992
-3.657
-10.145
-12.373
-13.630
-7.038
13.693
13.949
11.665
2.990
-2.299
-1.686
-5.661
7.170
15.994
18.211
20.010
20.462
20.527
21.142
20.700
19.893
18.517
18.104
18.148
18.840
19.524
19.842
20.145
20.026
20.431
19.993
19.663
19.885
20.090
19.753
18.580
17.965
18.163
17.898
15.311
11.736
8.489
12.814
13.436
13.049
13.357
13.388
14.219
12.029
9.758
7.242
1.917
-2.964
1.225
3.790
3.746
5.472
7.556
8.076
9.697
12.222
15.821
17.955
18.241
18.625
18.417
18.073
17.175
15.780
16.353
16.169
16.047
15.415
16.128
16.766
16.269
14.137
12.835
12.737
13.160
14.040
15.974
15.708
14.523
13.540
13.695
14.296
13.820
13.250
11.637
11.984
12.970
11.327
10.271
9.568
11.263
11.259
10.868
9.478
12.267
12.746
12.408
10.191
11.413
12.977
13.218
10.785
10.317
11.134
7.542
6.671
8.812
7.156
3.020
5.985
6.108
2.903
5.775
-2.562
-0.501
-2.610
-11.375
-14.455
-14.732
-14.581
-14.789
-14.750
-14.855
-14.865
-14.811
-14.839
-14.904
-14.932
-14.920
-14.941
-14.928
-14.938
-14.937
-14.948
-14.955
-14.952
-14.944
-14.956
-14.966
-14.950
-14.893
-14.900
-14.949
-14.958
-14.960
-14.960
-14.942
-14.905
-14.935
-14.932
-14.923
-14.942
-14.931
-14.951
-14.949
-14.940
-14.947
-14.943
-14.944
-14.954
-14.958
-14.955
-14.937
-14.951
-14.956
-14.962
-14.917
-14.875
-14.897
-14.942
-14.942
-14.949
-14.936
-14.928
-14.931
-14.958
-14.965
