7.552
5.750
4.793
2.616
-0.811
-5.913
-10.106
-10.190
-13.504
-13.794
-14.375
-11.982
-13.649
-14.105
-14.573
-3.753
1.057
2.662
2.948
2.045
2.249
2.431
3.990
4.704
4.607
3.722
2.850
0.969
-1.197
-3.367
-8.147
-10.493
-14.044
-14.746
-14.818
-14.790
-14.815
-14.692
-14.763
-14.888
-14.908
-14.905
-14.857
-14.877
-14.925
-14.869
-14.961
-14.976
-14.952
-14.958
-14.952
-14.956
-14.962
-14.931
-14.929
-14.912
-14.896
-14.943
-14.974
-14.979
-14.945
-14.924
-14.960
-14.972
-14.979
-14.968
-14.976
-14.977
-14.979
-14.972
-14.985
-14.984
-14.980
-14.983
-14.986
-14.977
-14.978
-14.962
-14.903
-14.963
-14.961
-14.973
-14.977
-14.981
-14.979
-14.976
-14.982
-14.960
-11.685
7.987
9.473
10.454
9.505
7.831
7.202
6.470
6.953
7.808
8.860
9.706
10.709
10.751
9.213
8.652
7.818
6.260
0.625
-5.598
-9.517
-5.053
-2.755
-0.094
-1.503
-3.897
-9.433
-13.475
-14.448
-3.286
2.683
5.690
6.177
6.670
7.326
8.658
8.366
7.453
6.095
3.830
0.106
-4.790
1.454
2.693
0.235
-1.228
-4.827
-7.187
-2.684
3.731
3.880
2.625
2.934
3.815
3.063
2.355
3.239
4.060
3.986
4.012
5.039
3.714
4.067
3.607
3.513
3.375
3.526
2.470
0.147
-3.084
-9.863
-14.214
-14.770
-12.217
-1.343
-3.517
-4.717
-7.949
-13.757
-1.305
4.135
4.060
4.319
3.935
2.813
1.888
1.012
-0.421
-1.407
1.047
1.317
1.777
2.959
2.805
3.077
2.258
2.973
3.407
3.431
2.866
2.850
3.200
3.872
4.157
3.770
3.401
4.492
3.972
3.419
3.766
3.920
3.931
1.652
-4.023
-12.418
-14.740
-14.887
-14.818
-14.827
-14.455
-11.675
-1.790
-8.873
-14.274
-14.040
-3.940
3.758
5.321
4.527
3.447
3.428
2.207
2.115
1.838
2.969
2.625
2.269
-0.343
-4.349
-9.387
-8.114
-2.081
-7.217
-11.045
-9.123
2.705
3.885
3.277
2.089
-1.374
-4.766
-10.114
-14.673
-14.871
-14.890
-14.922
-14.935
-14.963
-14.769
1.414
-0.461
0.583
1.232
0.985
2.393
2.451
2.001
2.373
1.927
2.079
2.371
1.826
1.919
1.478
0.577
0.325
-0.019
-0.196
-1.322
-3.161
-7.087
-12.604
-14.595
-12.393
-14.512
-14.841
-14.935
-14.961
-14.956
-14.953
-14.968
-14.968
-14.928
-14.815
-14.951
-14.971
-14.978
-14.975
-14.943
-14.917
-14.386
-14.658
-14.886
-14.589
-14.315
-13.914
-14.836
-14.904
-14.924
-14.953
-14.958
-14.960
-14.956
-14.963
-14.980
-14.975
-14.966
-14.966
-14.959
-14.975
-14.974
-14.972
-14.977
-14.909
-14.973
-14.942
-14.957
-14.976
-14.965
-14.966
-14.981
-14.980
-14.982
-14.987
-14.986
-14.977
-14.976
-14.975
-14.981
-14.959
-14.976
-14.966
-14.970
-14.932
6.598
10.673
11.190
11.073
10.832
9.343
8.752
9.123
9.521
8.250
6.907
2.358
-3.730
0.443
4.289
0.135
-0.926
-1.156
-4.106
-7.691
-13.759
-2.347
5.828
7.977
7.999
7.459
7.365
6.660
6.127
6.627
6.641
6.572
6.999
6.800
6.042
5.433
5.255
4.447
4.043
4.128
3.780
-1.135
-8.998
-14.250
-14.703
-14.799
-14.888
-14.949
0.006
2.618
3.719
4.923
6.040
6.361
6.564
5.893
5.064
3.890
0.969
-6.569
-10.930
-13.430
-14.748
-14.784
-14.854
-14.827
-14.651
-0.681
1.101
1.162
1.379
1.142
3.075
4.369
5.525
6.134
5.605
5.817
6.230
6.741
6.788
6.249
6.157
5.565
5.084
5.234
3.212
3.343
3.544
3.193
2.485
3.132
2.681
3.042
1.819
-0.082
-1.523
-8.023
-12.417
-14.571
-12.734
-7.477
-10.130
-2.932
-1.424
-3.823
-3.980
-2.020
-0.110
0.964
-2.998
-8.840
-11.365
-14.535
-14.741
-14.868
-13.746
-12.331
-13.641
-12.302
-14.396
-14.717
-14.928
-14.966
-14.964
-14.974
-14.975
-14.976
-14.942
-14.961
-14.974
-14.972
-14.981
0.288
5.176
5.087
8.031
8.889
7.551
7.567
7.152
6.513
6.700
5.066
0.677
-4.678
-0.435
3.719
2.230
-0.806
-2.910
-4.592
-2.554
-3.398
-6.909
-12.653
-14.495
-14.876
-14.886
-14.925
-8.960
-8.059
0.230
2.133
3.001
2.898
-1.168
-14.917
