25.892
26.138
26.065
23.132
18.365
17.031
15.752
17.992
22.051
23.819
25.724
26.056
26.304
26.670
26.842
26.208
26.096
26.511
26.328
25.622
27.174
28.661
28.526
28.750
29.300
29.402
29.071
29.070
29.286
29.216
29.676
30.435
30.697
30.438
28.708
24.768
21.108
17.985
17.147
15.545
11.258
11.241
17.424
17.717
11.331
7.272
4.814
-2.644
-6.203
-4.560
-9.278
-12.504
-14.459
-14.803
11.349
22.003
25.580
27.132
27.890
28.117
26.629
21.872
19.553
17.289
12.394
10.579
12.405
14.703
15.619
16.966
20.560
21.756
23.760
24.426
24.061
24.530
25.035
24.484
25.528
26.762
27.057
27.234
27.699
28.256
28.327
28.607
28.592
26.195
21.793
16.399
14.545
15.274
10.061
10.827
10.817
7.320
9.049
14.454
11.378
3.689
-0.366
-1.650
-1.280
-4.200
-4.774
-9.124
-8.328
-11.668
-13.692
-14.564
-14.563
-14.829
-14.473
-14.368
20.602
25.626
27.093
27.505
28.387
28.855
29.582
29.888
29.865
29.823
29.709
30.218
30.362
29.190
28.739
28.428
27.988
27.816
27.136
26.402
25.107
24.544
22.993
21.995
21.234
21.556
21.361
21.522
22.074
21.044
18.464
16.818
17.929
18.858
19.278
19.651
20.238
20.131
20.511
20.658
20.208
19.108
18.356
17.894
18.324
16.954
16.092
11.031
5.750
4.163
3.770
1.825
0.922
-0.684
-5.299
-0.013
14.087
19.026
20.101
21.807
21.798
21.188
19.170
15.163
12.231
13.480
14.166
16.416
16.808
10.377
17.584
20.111
20.853
17.421
14.820
6.444
6.142
3.350
4.850
0.024
-2.039
1.707
-0.108
4.322
21.201
24.146
23.894
18.017
20.436
19.600
18.498
17.964
16.217
13.365
7.359
6.868
11.301
10.609
8.968
8.727
8.309
7.641
4.223
0.167
-0.970
-4.292
3.502
11.415
23.267
26.978
27.485
28.786
26.806
25.405
26.716
23.980
18.551
11.866
12.995
10.571
11.005
8.596
7.308
4.779
6.294
1.993
1.025
1.721
3.172
-2.782
4.001
7.965
10.087
15.589
19.895
21.250
22.374
22.910
22.248
22.078
19.680
14.823
13.428
14.180
13.375
9.777
6.249
1.776
6.554
3.996
5.532
4.789
3.851
4.265
10.270
13.130
15.282
15.986
16.180
16.436
17.429
16.547
16.185
16.809
10.709
8.581
6.999
5.381
5.157
2.019
3.165
-0.314
3.384
9.565
8.920
4.626
2.150
7.925
17.132
22.552
23.847
23.856
23.806
23.054
24.209
24.410
25.103
25.717
26.342
25.440
23.433
19.159
17.012
19.293
21.573
20.412
19.121
19.439
17.952
17.720
17.265
17.275
18.460
17.329
17.552
18.025
17.181
17.492
16.043
16.654
15.717
15.775
14.389
13.688
11.641
14.791
11.534
8.560
9.704
9.480
5.268
5.035
8.345
4.521
4.795
3.882
5.175
0.211
-2.248
-4.489
-8.883
-13.629
-11.259
-10.094
-10.417
-13.522
-13.997
-14.005
-14.399
-14.718
-14.333
-14.314
-14.592
-14.588
-14.606
-14.810
-14.833
-14.590
-14.752
-14.616
-14.501
-14.497
-14.765
-14.834
-14.901
-14.880
-14.909
-14.868
-14.768
-14.893
-14.844
-14.872
-14.919
-14.891
-14.885
-14.866
-14.795
-14.712
-14.234
-14.124
-14.330
-14.660
-14.700
-14.734
-14.751
-14.518
-14.668
-14.418
-14.679
-14.558
-14.774
-13.402
-14.650
-14.675
-13.699
-13.398
-12.661
-13.970
-14.529
-14.349
-14.660
-14.687
-14.675
-13.115
-6.505
-4.666
-1.316
10.074
24.808
29.024
29.820
30.093
30.290
24.264
19.581
15.128
14.020
13.783
13.797
12.983
10.708
7.452
4.776
3.866
0.211
-1.512
-6.549
-1.382
7.449
16.695
17.577
18.647
21.568
22.430
22.035
21.558
21.412
20.571
20.798
20.394
20.457
19.652
18.391
17.410
16.262
14.008
12.816
10.915
8.901
6.132
1.783
2.603
-2.752
-5.020
-4.719
-6.192
4.674
5.299
3.611
-0.698
-2.778
-3.416
-8.865
-10.637
-12.680
-12.401
-13.565
-14.035
-14.507
-14.488
-14.380
-14.351
-14.332
-14.648
-14.779
-14.861
-14.802
-14.792
-14.845
-14.808
-14.817
-14.756
-14.759
-14.841
-14.799
-14.644
-14.823
-14.870
-14.853
-14.868
-14.817
-14.852
-14.880
-14.864
-14.853
-14.934
