-4.149
-9.733
-11.637
-7.837
2.519
7.772
9.671
11.762
12.706
13.926
14.165
13.025
14.028
13.335
12.433
11.655
10.781
9.931
9.092
8.223
8.034
7.291
5.463
3.005
3.211
-2.842
-3.103
-4.922
-5.839
-10.418
-12.709
-12.992
-6.744
-11.418
-13.646
-14.637
-14.847
-14.902
-14.949
-14.920
-14.920
-14.949
-14.937
-14.953
-14.948
-14.903
-14.955
-14.958
-14.951
-14.961
-14.973
-14.956
-14.962
-14.960
-14.963
-14.962
-14.925
-14.950
-14.966
-14.965
-14.968
-14.963
-14.950
-14.959
-14.968
-14.949
-14.973
-14.967
-14.968
-14.970
-14.961
-14.964
-14.966
-14.972
-3.643
3.793
7.157
4.386
6.814
6.429
5.387
4.605
2.480
2.547
-6.161
-2.721
-4.606
-5.429
-6.478
-7.885
-7.288
-4.361
-3.620
-1.892
-0.047
1.055
1.426
3.508
6.572
14.014
15.846
15.734
16.769
16.756
17.068
17.661
16.771
14.394
5.817
3.223
2.139
8.221
11.319
12.151
13.079
12.344
10.930
11.261
11.305
10.095
9.810
10.116
9.856
9.553
8.848
8.398
7.790
4.496
1.556
-1.070
2.690
-6.909
2.303
-6.126
3.797
1.189
4.902
5.907
7.177
9.434
10.278
11.446
11.585
11.250
11.129
10.636
9.131
6.021
4.428
2.338
-2.159
-2.299
7.629
11.434
11.891
11.958
11.911
11.128
10.432
10.544
10.633
10.660
9.909
8.158
5.942
4.003
2.846
2.928
3.614
3.780
8.829
11.788
12.790
12.615
12.715
12.278
9.742
10.829
10.614
9.718
9.139
8.719
9.328
8.755
9.575
10.410
10.980
10.750
10.597
9.984
9.399
9.212
9.040
8.718
9.152
9.419
6.498
2.116
-4.940
-8.625
-13.447
-14.602
-14.724
-14.669
-10.473
-14.425
-14.724
7.632
10.009
10.814
10.500
9.255
9.080
8.845
8.976
10.101
8.972
8.335
9.207
8.466
7.301
7.638
9.215
9.932
9.602
8.951
8.886
8.505
8.862
9.432
7.974
9.302
9.511
9.224
9.350
9.554
8.938
8.824
7.567
5.144
3.639
3.874
5.248
3.783
2.745
6.705
8.098
9.644
11.165
11.642
11.552
11.295
10.971
10.279
9.679
10.202
9.644
9.568
9.753
10.022
9.463
9.291
7.254
3.524
-2.133
-7.692
-1.321
-0.444
-0.761
-0.924
-2.458
-7.636
-10.180
-14.144
-14.757
-13.775
-4.217
9.098
10.278
10.907
10.545
10.394
9.687
9.013
9.727
8.677
5.353
0.624
3.626
7.347
9.368
9.860
9.421
7.866
7.644
8.466
9.217
8.642
8.318
6.284
3.788
0.487
-5.069
-10.763
-6.725
-0.959
6.802
10.976
10.427
9.536
9.214
9.334
8.925
9.880
10.222
10.302
10.160
8.822
2.095
-1.299
-1.749
-0.331
3.105
4.081
2.464
3.526
5.787
7.951
9.747
9.472
10.682
10.910
10.949
9.109
6.497
3.077
-5.254
-9.989
-8.982
0.759
3.932
6.268
7.392
8.106
8.342
9.233
9.468
9.641
9.930
9.868
9.372
8.951
9.554
8.798
8.427
8.253
8.520
8.139
7.185
5.626
4.755
1.772
-4.987
-1.989
1.510
0.177
-7.785
-12.583
-14.702
-14.899
-14.738
-14.845
2.266
7.456
9.305
9.830
9.194
8.736
5.604
5.161
5.010
4.640
3.528
-2.642
-10.351
-13.820
-14.526
-13.240
-14.469
-14.784
-14.855
-14.791
-14.739
-14.740
-14.852
-14.879
-14.935
-14.966
-14.924
-14.919
-14.937
-14.940
-14.925
-14.959
-14.968
-14.962
-14.975
-14.977
-14.976
-14.950
-14.868
-14.936
-14.952
-14.953
-14.934
-14.935
-14.959
-14.961
-14.964
-14.966
-14.966
-14.965
-14.977
-14.494
6.391
-6.793
-8.522
2.488
3.301
-0.995
0.197
-1.026
-4.295
-0.580
-0.580
-0.736
-0.334
0.178
0.594
2.579
4.219
3.894
4.428
6.187
5.828
3.192
1.513
1.534
2.129
2.654
4.431
7.766
9.923
10.830
10.796
9.303
7.700
9.229
9.653
9.384
9.577
9.349
9.820
10.090
9.445
9.310
9.401
8.917
8.676
7.607
1.189
-1.448
-1.847
-2.119
4.020
7.985
9.007
9.471
9.334
9.528
9.748
9.450
8.993
8.197
10.237
10.451
10.595
10.260
11.687
11.244
11.714
11.347
10.919
10.925
10.666
11.713
12.379
13.110
13.173
-14.890
