4.171
2.778
3.995
4.303
3.253
3.106
1.946
1.239
2.709
1.365
1.794
0.514
0.758
0.478
-1.197
-1.165
-0.502
-1.184
-4.015
-5.614
-7.035
-5.654
-5.978
-9.546
-13.542
-14.649
-14.676
-14.291
-13.481
-14.770
-14.919
-14.908
-14.929
-12.540
-2.623
-2.817
-1.590
-2.573
-4.026
-3.414
-6.187
-7.414
-8.965
-12.280
-10.030
-6.539
-5.027
-2.615
-1.025
0.116
0.290
-1.772
-3.217
-8.395
-4.872
-1.244
-1.209
-0.345
-1.266
-6.655
-11.874
-14.483
-14.877
-14.896
-14.967
-14.963
-14.968
-14.378
-12.611
-8.430
-0.927
0.855
1.113
1.966
2.307
2.842
2.256
1.145
-0.778
-5.039
-9.136
-13.487
-14.098
-12.658
-1.966
-3.519
-6.803
-6.798
-10.514
-14.044
-13.988
-14.731
-14.922
-14.901
-14.430
-7.428
1.317
-2.022
1.107
2.627
1.911
2.547
1.828
1.566
1.474
0.038
-5.237
-6.681
-10.681
-13.638
-14.370
-12.906
-8.409
-2.526
-0.039
-1.187
-7.558
-4.645
-0.723
-0.461
0.275
-3.021
-9.111
-12.706
-12.436
-14.327
-14.724
-13.981
-10.121
-8.587
-8.818
-1.609
-3.183
-7.592
-8.786
-9.160
-10.448
-10.239
-10.364
-10.665
-12.320
-14.047
-12.878
-14.306
-14.561
-14.443
-14.792
-14.918
-14.955
-14.899
-14.833
-14.935
-14.835
-14.849
-14.762
-14.961
-14.950
-14.970
-14.978
-14.980
-14.988
-14.985
-14.982
-14.981
-14.981
-14.980
-14.978
-14.972
-14.974
-14.987
-14.987
-14.980
-14.985
-14.984
-14.985
-14.976
-14.972
-14.984
-14.977
-14.964
-14.968
-14.976
-14.982
-14.985
-14.915
-14.976
-14.975
-14.968
-13.706
-14.897
-14.968
-14.977
-14.926
-14.883
-14.877
-14.946
-14.974
-14.974
-14.979
-14.986
-14.988
-14.989
-14.982
-14.965
-14.974
-14.983
-14.981
-14.977
-14.986
-14.979
-14.988
-14.976
-14.982
-14.988
-14.990
-14.701
-14.242
-9.862
2.529
4.952
5.792
6.190
5.755
5.105
5.415
4.933
4.386
4.638
3.932
4.193
3.776
0.945
-7.311
-13.810
-14.874
-14.944
-14.955
-14.882
-14.887
-14.811
-13.711
-14.699
-12.134
-8.649
-0.646
2.264
3.879
4.778
4.724
4.140
3.289
3.126
0.896
0.893
-0.515
-0.816
-0.703
-0.578
0.772
-1.617
-1.170
-2.479
-8.807
-14.059
-14.821
-14.905
-14.891
-14.877
-12.312
-14.759
-12.408
-2.897
-1.509
-2.082
1.211
3.254
3.500
4.346
4.791
4.683
4.832
4.609
4.999
5.511
5.890
5.835
4.081
1.333
-1.699
-5.263
-9.633
-10.812
-5.982
-3.619
0.926
5.127
6.912
6.366
6.199
4.050
2.747
1.270
-0.640
-1.809
-0.684
-0.309
-4.819
-4.445
-4.235
-2.137
-0.750
-0.232
-1.107
-3.774
-3.300
-2.863
-0.916
-1.691
1.884
2.968
3.580
3.677
3.210
4.388
3.328
3.242
3.606
3.006
2.860
1.953
-0.777
-4.864
-8.023
-6.775
-2.303
-0.968
-0.554
-3.911
-4.693
-7.781
-11.719
-14.476
-14.763
-8.363
-2.682
-2.452
-2.476
-3.219
-2.241
0.119
-0.903
-1.542
-2.958
-4.319
-5.220
-2.091
-3.923
-2.685
-2.657
-3.954
-4.105
-3.765
-2.235
-3.143
-2.831
-5.932
-8.205
-7.025
-11.043
-14.098
-14.836
-14.831
-14.441
-14.493
-14.892
-14.901
-14.933
-14.937
-14.947
-14.895
-14.282
-14.843
-14.865
-14.926
-14.977
-14.982
-14.971
-14.978
-14.965
-14.979
-14.986
-14.986
-14.979
-14.970
-10.911
-2.785
-2.560
-1.155
-0.356
0.680
1.341
-0.133
-0.124
-0.724
-5.116
-6.114
-5.467
-10.846
-14.190
-14.870
-14.949
-14.973
-14.940
-14.959
-14.968
-6.282
-3.719
-0.545
-1.497
-0.334
0.590
0.319
0.231
0.331
0.765
0.395
0.278
-0.298
0.119
-2.146
-10.076
-14.533
-14.925
-14.946
-14.729
-14.890
-14.918
-10.559
-10.874
-4.633
-0.475
-1.357
-3.559
-3.991
-6.192
-9.902
-8.833
-3.032
-1.856
-3.079
-4.948
-6.259
-5.183
-4.496
-5.410
-4.954
-6.584
-7.120
-7.238
-7.539
-6.822
-11.252
-13.853
-13.858
-8.705
-2.786
-2.646
-3.570
-2.206
-7.226
-10.895
-14.351
-11.475
-12.297
-14.240
-13.522
-11.491
-14.623
-14.936
-14.965
-14.967
-14.039
-14.327
-13.687
-14.446
-14.203
-14.409
-13.248
-13.711
-14.370
-1.677
2.108
4.131
4.023
4.113
4.579
4.496
4.364
4.136
-14.926
