-1.485
0.412
3.390
2.288
5.805
6.782
7.451
7.968
8.303
8.202
6.765
6.165
4.828
4.047
3.659
3.621
3.661
-5.562
-9.767
-10.089
-3.580
-10.254
-5.578
4.225
4.645
4.552
3.403
3.444
2.918
2.467
2.693
1.621
0.494
0.390
-0.055
-3.119
-6.670
-2.895
-1.613
-2.186
-2.293
-12.384
-13.389
-3.791
1.370
3.017
1.461
1.380
4.467
2.440
2.620
3.239
2.038
3.758
3.271
0.293
-7.575
-12.403
-14.233
-14.738
-14.801
-14.847
-14.852
-14.895
-14.928
-14.927
-14.917
-14.901
-14.929
-14.896
-14.633
-14.678
-14.794
-9.916
-2.669
1.826
3.469
2.867
2.690
2.251
2.329
1.481
2.111
2.473
1.959
1.732
1.463
0.391
-1.392
-3.299
-7.731
-5.980
-12.150
-13.922
-14.133
-12.999
-13.700
-1.062
4.035
3.881
5.236
4.333
4.043
4.288
3.930
1.284
-1.787
-3.429
-1.274
-5.797
-13.213
-14.678
-14.882
-14.927
-14.921
-14.882
-13.895
-14.455
-14.674
-14.867
-14.792
-14.763
-14.050
-14.679
-14.779
-14.808
-14.846
-14.939
-14.946
-14.953
-14.938
-14.950
-14.959
-14.917
-14.917
-14.923
-14.952
-14.962
-14.954
-14.954
-14.969
-14.957
-14.971
-14.971
-14.963
-14.965
-14.969
-14.963
-14.955
-14.969
-14.936
-14.934
-14.952
-14.952
-14.964
-14.965
-14.970
-14.971
-14.932
-14.943
-14.954
-14.962
-14.968
-14.968
-14.964
-14.953
-14.970
-14.969
-14.971
-14.974
-14.944
-14.966
-14.965
-14.973
-14.970
-14.957
-14.960
-14.974
-14.976
-14.973
-14.967
-14.963
-14.966
-14.963
-14.974
-14.973
-14.970
-14.976
-14.922
-14.920
-14.938
-14.968
-14.955
-14.974
-14.975
-14.974
-14.949
-14.965
-14.967
-14.972
-14.972
-14.948
-14.960
-14.970
-14.973
-14.972
-14.972
-14.966
-14.920
-14.955
-14.971
-14.973
-14.960
-14.973
-14.972
-14.960
-14.962
-14.971
-14.973
-14.961
-14.882
-14.955
-14.945
-14.955
-14.970
-14.950
-14.955
-14.966
-14.964
-14.975
-14.963
-14.967
-14.972
-14.977
-14.959
-14.949
-14.967
-14.965
-14.958
-14.929
-14.953
-14.954
-14.968
-14.589
-3.104
-10.769
3.314
9.954
9.405
9.471
8.663
7.613
7.745
8.600
10.194
11.031
11.059
11.353
11.810
11.869
10.939
11.422
13.554
13.476
13.047
12.350
11.128
10.430
11.407
11.100
10.696
10.843
8.417
4.142
1.731
-0.317
-2.355
-0.990
-2.786
0.492
3.995
5.052
5.391
4.861
6.345
7.246
7.979
8.811
8.742
8.524
8.533
8.625
7.828
7.788
7.879
7.420
8.083
8.891
10.092
10.240
9.496
7.529
4.569
2.414
-1.053
-9.395
-8.035
-1.915
-7.675
-8.712
2.893
5.673
4.968
3.647
2.670
3.113
2.824
3.477
4.914
5.132
4.642
2.114
2.139
0.835
0.213
1.917
4.842
5.318
4.208
1.091
-4.057
-12.399
-14.736
-14.782
-14.840
-14.854
-12.539
-3.061
1.755
-5.087
-6.462
2.164
5.457
6.634
7.851
8.618
8.568
8.004
7.787
5.437
4.196
3.553
-4.569
-10.247
-13.764
-14.144
-14.094
-9.899
-5.769
-8.343
-10.059
-0.549
2.497
-0.822
-2.998
-2.712
-6.657
-5.625
-11.091
-10.494
-13.565
-14.687
-14.692
-14.850
-14.320
2.538
4.302
4.937
4.917
2.882
3.113
3.479
3.712
2.871
3.482
4.049
-1.026
-9.362
-13.374
-14.532
-14.643
-14.692
-14.654
-14.874
-14.837
-14.813
0.592
6.558
5.200
1.862
-0.505
-2.894
-1.324
1.569
3.610
0.246
-0.040
-1.987
-4.421
-11.227
-14.491
-14.768
-14.858
-14.907
-14.817
-14.456
-14.825
-3.753
0.999
0.675
3.844
4.939
5.376
5.419
2.573
2.212
1.501
-0.547
0.900
0.758
0.860
1.492
-6.587
-10.654
-14.227
-14.739
-14.902
-14.928
-14.906
-14.732
-14.582
-14.531
-14.859
-5.758
-11.388
-4.035
7.064
8.275
6.648
4.207
2.970
3.686
1.710
0.361
1.443
3.182
2.483
3.000
1.699
1.665
0.406
-1.832
-1.329
0.890
-0.164
-2.529
-3.167
1.133
4.021
1.372
-6.193
-11.268
2.879
6.688
4.779
3.651
2.981
1.772
1.805
1.966
4.057
0.376
-5.131
-11.467
-12.659
-12.508
-13.707
-14.174
-14.765
-10.227
4.154
6.068
6.627
3.999
-8.445
-13.963
-12.516
-14.436
-14.380
-14.947
