-9.726
-9.948
-10.884
-8.332
-12.019
-13.766
-13.628
-14.731
-14.812
-14.855
-14.896
-14.696
-6.210
0.643
5.306
7.952
8.988
10.708
12.831
14.152
14.236
14.704
13.040
12.416
12.056
11.130
11.866
12.104
10.043
3.562
-7.532
-9.932
-1.436
3.795
5.547
5.447
3.986
3.398
3.618
3.390
3.384
-1.625
-7.575
-13.629
-14.701
-14.837
-14.856
-14.894
-14.777
-14.709
-10.666
-2.929
1.275
1.864
2.950
2.595
4.783
3.369
-2.559
-8.238
-8.152
-1.986
-0.127
-0.790
1.451
0.959
3.198
5.441
6.386
4.018
4.931
6.952
5.164
8.277
8.343
10.546
5.979
-3.244
-9.715
-14.053
-14.843
-14.888
-14.896
-14.913
-14.937
-14.801
6.752
11.867
13.855
14.404
15.572
15.601
15.358
15.728
15.775
16.028
16.520
16.957
16.818
16.107
16.291
16.909
17.021
17.341
16.540
16.037
16.470
15.042
15.086
14.937
15.936
10.516
3.899
9.709
10.570
9.676
7.990
7.368
5.946
2.030
-0.071
-0.198
-2.750
-1.261
-0.433
0.917
0.866
1.121
0.504
-0.583
2.256
1.663
4.779
6.129
7.152
7.941
7.794
7.396
8.585
8.112
6.633
3.833
3.308
1.093
-5.373
-8.414
-8.813
-4.522
1.573
2.865
4.175
4.376
4.736
3.437
2.259
-0.358
-3.486
-8.090
-6.729
-2.404
-6.045
-1.957
1.416
3.851
4.684
5.061
4.050
-8.073
-14.082
-14.723
-14.789
-14.294
-14.726
-14.834
-14.895
-14.881
-14.889
-14.737
-14.838
-14.776
3.140
2.994
4.921
6.054
5.420
0.910
-9.685
-13.725
-14.002
-14.244
-10.701
-2.938
1.087
1.530
0.678
2.696
1.731
1.779
3.496
1.584
1.578
4.722
-0.031
-9.085
-13.089
-1.952
-1.759
-0.739
-0.716
-0.656
-1.801
-0.192
0.736
3.260
7.246
9.380
12.282
12.425
12.437
12.883
12.913
13.098
13.559
14.703
14.114
14.673
14.886
15.293
15.852
15.860
16.431
15.804
15.284
14.047
13.923
12.586
11.662
6.013
-0.585
-1.077
-3.277
-9.178
-9.050
-4.836
1.339
3.987
5.171
4.622
5.170
5.129
3.707
-3.817
-12.350
-13.956
-5.444
1.887
2.652
2.867
3.176
2.324
2.617
3.275
0.475
0.428
-3.369
-8.166
-8.216
-12.421
-14.336
-14.835
-14.870
-14.876
-14.886
-14.898
-14.906
-14.911
-14.920
-14.919
-14.860
-14.895
-14.925
-14.925
-14.718
-14.794
-14.844
-14.905
-14.886
-14.823
-14.814
-14.872
-14.879
-14.921
-14.914
-14.921
-14.950
-14.925
-14.905
-14.950
-14.951
-14.955
-14.924
-9.777
1.325
5.415
6.264
6.917
8.450
8.776
9.668
10.581
11.484
11.566
11.311
10.067
8.696
8.927
8.881
7.593
6.316
5.881
6.115
7.489
8.364
7.968
8.115
7.790
7.659
8.452
7.654
6.276
3.827
3.527
2.873
2.853
2.273
1.905
1.592
1.933
6.021
7.416
8.007
8.760
8.479
8.275
7.465
7.705
6.518
6.486
5.664
3.081
2.160
2.275
2.415
1.730
1.297
-0.177
-4.467
-10.373
-13.419
-14.062
-14.729
-14.626
-14.834
-14.837
-14.339
-14.433
-14.406
4.214
6.660
6.786
6.687
1.650
-7.615
-13.484
-14.356
-14.616
-14.525
-14.760
-14.804
-6.637
-8.237
-3.161
-1.892
-0.706
0.460
0.945
2.180
2.883
3.104
3.587
5.920
8.553
10.460
8.959
8.192
9.069
8.969
9.634
10.256
10.230
11.121
10.084
11.134
11.505
10.514
9.912
10.638
11.375
12.165
11.489
6.608
1.668
9.110
9.868
9.529
10.685
9.144
5.775
5.684
4.320
-1.489
-0.460
0.398
-0.043
-0.647
-5.532
-5.806
-7.964
-10.856
-13.522
-14.673
-14.197
-13.421
-13.055
-14.607
-14.620
-14.777
-14.648
-14.850
-14.717
-14.826
-14.880
-14.872
-14.871
-14.842
-14.891
-14.947
-14.927
-14.921
-14.895
-14.781
-14.894
-14.835
-14.923
-14.886
-14.886
-14.894
-14.937
-14.946
-14.950
-14.942
-14.919
-14.903
-14.893
-14.934
-14.936
-14.952
-14.894
-14.944
-14.945
-14.905
-14.943
-14.943
-14.954
-14.957
-14.954
-14.946
-14.914
-14.848
-14.899
-8.316
-2.222
1.070
2.867
4.401
5.398
5.346
5.323
4.297
4.503
3.019
3.236
-0.270
-8.053
-11.148
-14.062
-14.660
-14.354
-14.700
-14.928
