-11.152
-13.608
-14.412
-14.697
-14.829
-14.863
-14.869
-14.890
-14.841
-14.821
-14.818
-14.718
-14.796
-14.835
-14.901
-14.914
-14.903
-14.815
-14.859
-14.808
-14.852
-14.854
-14.875
-14.918
-14.940
-14.937
-14.934
-14.916
-14.910
-13.478
7.287
9.771
11.499
11.949
14.478
15.462
15.762
16.155
13.950
6.460
-2.182
-9.413
-12.550
-14.196
-14.133
-14.272
-13.107
-13.291
-8.704
0.434
17.060
15.767
16.348
16.545
17.398
16.873
16.093
14.819
12.745
11.898
11.375
10.544
11.072
12.386
13.928
13.620
14.488
13.476
12.771
10.493
9.369
14.259
19.705
18.967
19.694
20.612
20.931
19.029
18.507
18.202
17.500
16.689
15.700
14.227
14.217
13.005
12.480
11.445
9.447
7.541
8.586
9.974
9.797
9.256
9.662
7.393
2.182
-8.570
-9.234
-8.921
9.277
3.816
-1.930
3.269
10.047
12.511
13.254
13.492
12.044
9.510
7.823
6.921
5.259
2.309
2.042
6.335
8.696
8.655
13.383
16.324
16.808
15.523
13.648
9.714
7.153
5.918
6.335
7.073
6.342
10.878
17.508
17.300
16.478
16.650
15.977
15.657
16.098
16.368
16.197
15.506
12.314
6.139
3.621
4.457
3.705
3.640
6.334
8.710
9.020
7.729
6.137
5.501
4.410
3.760
3.271
3.274
2.542
1.400
1.170
-1.241
-2.075
-2.039
0.924
-2.098
1.334
-0.002
1.368
-0.581
-2.525
-6.440
-9.849
-7.677
-11.742
-10.595
-12.256
-13.516
-14.602
-14.269
-14.461
-14.788
-14.808
-14.877
-14.901
-14.897
-14.845
-14.894
-14.918
-14.903
-14.749
-14.860
-14.859
-14.847
-14.890
-14.905
-14.913
-14.931
-14.887
-10.506
-13.737
1.865
14.274
18.603
18.602
16.163
10.146
7.008
1.075
-6.726
-5.033
-8.413
-8.220
-1.490
15.148
19.594
19.654
20.284
21.093
21.856
22.144
22.099
21.043
20.641
19.770
16.833
16.252
17.352
16.837
16.866
17.365
16.334
15.111
16.180
15.385
11.846
11.407
10.566
8.705
4.859
1.890
3.338
7.815
12.861
16.205
15.718
15.755
14.359
14.406
14.705
15.100
15.106
13.908
13.101
12.281
11.909
8.963
5.760
4.915
7.994
9.040
3.289
-1.513
6.670
8.607
8.455
5.892
5.965
6.645
7.073
7.680
7.530
6.816
4.878
-3.090
-8.983
-8.533
-7.684
-10.769
-10.734
3.696
10.611
11.390
11.279
10.834
10.912
10.317
9.553
7.325
5.621
0.994
0.672
4.584
7.435
9.476
11.229
11.594
11.424
11.301
11.115
10.871
9.674
8.820
7.897
7.478
9.276
8.071
6.654
5.048
6.118
8.694
10.496
10.811
11.245
12.287
12.826
15.060
15.591
15.274
15.740
15.891
15.580
16.511
15.844
14.347
12.954
10.393
4.627
-0.577
-9.938
-9.880
-13.163
-12.453
-11.644
-14.061
-14.065
-14.196
-14.124
1.467
4.674
5.863
6.188
7.586
6.388
6.011
5.666
5.209
4.491
2.999
1.972
0.936
-1.484
-7.087
-4.169
6.580
10.542
9.711
9.909
9.452
9.061
8.511
4.434
5.577
-1.119
-5.974
-7.240
-11.438
-13.410
-14.349
-14.202
-14.408
-14.498
-14.780
-14.856
-14.809
-14.874
-14.901
-14.914
-14.899
-14.836
-14.880
-14.914
-14.879
-14.821
-14.815
-14.886
-14.830
-14.879
-14.770
-14.575
-14.872
-14.856
-14.851
-14.798
-14.900
-14.883
-14.897
-10.565
2.371
8.323
13.100
17.460
17.660
14.879
16.104
17.033
17.745
17.827
17.692
16.507
14.915
14.055
12.562
11.038
10.214
9.726
14.294
21.520
21.521
21.185
21.959
22.848
22.849
22.966
22.893
22.963
22.884
22.703
21.887
21.633
21.109
21.646
20.365
17.801
13.414
13.347
12.628
11.239
10.392
9.575
8.598
7.044
7.027
6.903
7.146
7.546
8.339
8.527
7.784
5.007
0.973
-1.165
1.970
1.027
1.794
9.230
12.942
13.561
12.236
9.845
7.975
5.485
4.546
4.184
5.170
9.736
15.171
17.095
16.230
14.075
11.236
6.587
5.023
5.708
11.657
16.434
16.939
17.330
17.954
17.497
15.999
15.545
13.136
9.406
7.060
0.883
-3.744
2.912
9.050
6.491
6.592
5.892
-2.376
-7.779
-10.773
-13.031
-13.347
-12.105
-0.029
1.827
7.287
-14.844
