-4.123
-1.638
0.931
0.600
-0.703
-3.998
-5.861
-9.106
-8.914
-10.249
-11.907
-12.438
-13.633
-14.693
-14.770
-14.861
-14.899
-14.948
-14.957
-14.936
-14.954
-14.953
-14.965
-14.946
-14.968
-14.962
-14.973
-14.977
-14.970
-14.960
-14.938
-14.968
-14.975
-14.978
-14.940
-14.949
-14.833
-14.718
-11.408
-6.278
-4.388
-1.216
-0.569
1.402
6.242
8.493
9.567
9.820
9.165
9.573
9.885
8.321
6.062
2.921
-0.387
-2.490
-2.942
-3.205
-4.901
-5.242
-8.350
-11.441
-12.889
-14.621
-14.894
-14.920
-14.881
-14.900
-14.924
-14.901
-14.928
-14.929
-14.840
-13.749
-9.508
-12.507
-14.160
-14.587
-14.617
-14.683
-14.827
-14.333
-14.710
-14.917
-14.955
-14.918
-14.909
-14.941
-14.953
-14.960
-14.967
-14.971
-14.967
-14.930
-14.947
-14.965
-14.944
-14.917
-12.719
-5.654
-2.897
-1.487
-2.191
-3.587
-5.750
-7.416
-8.394
-13.748
-14.562
-14.879
-14.914
-14.673
-14.647
-14.237
-14.541
-14.730
-14.897
-14.530
-14.211
-13.617
-13.932
-13.953
-14.700
-14.922
-14.963
-14.955
-14.960
-14.300
-13.192
-4.824
-2.050
-2.153
-2.084
-1.295
1.420
0.221
-4.114
-2.211
-1.080
-2.061
-3.066
-1.193
-9.645
-14.058
-14.780
-14.620
-14.703
-14.901
-14.561
-14.882
-14.950
-14.931
-14.792
-14.883
-14.915
-14.967
-14.964
-14.930
-14.794
-14.818
-14.953
-14.959
-13.456
-14.730
-14.940
-14.938
-14.945
-14.969
-14.956
-14.912
-14.958
-14.953
-14.959
-14.974
-14.973
-14.977
-14.966
-14.965
-14.966
-14.927
-14.957
-14.970
-14.969
-14.916
-14.926
-14.947
-14.925
-14.956
-14.968
-14.969
-14.964
-14.911
-14.952
-14.970
-14.966
-14.951
-14.957
-14.972
-14.954
-14.963
-14.967
-14.904
-14.964
-14.953
-14.964
-14.968
-14.949
-14.839
-14.941
-14.949
-14.891
-14.947
-14.961
-14.964
-14.966
-14.902
-14.961
-14.934
-14.962
-14.951
-14.927
-14.963
-14.963
-14.968
-14.965
-14.970
-14.952
-14.951
-14.925
-14.962
-14.970
-14.969
-14.972
-14.955
-14.971
-14.974
-14.966
-14.936
-14.950
-14.967
-14.954
-14.969
-14.941
-14.964
-14.971
-14.949
-14.976
-14.939
-14.663
-14.937
-14.954
-14.966
-14.976
-14.966
-14.964
-14.866
-14.927
-14.959
-14.946
-14.948
-14.959
-14.975
-14.919
-14.959
-14.829
-14.808
-14.939
-14.971
-14.965
-14.958
-14.949
-14.965
-14.945
-14.941
-14.959
-14.969
-14.962
-14.959
-14.981
-14.965
-14.976
-14.956
-14.959
-14.971
-14.972
-14.975
-14.968
-14.969
-14.958
-14.959
-14.979
-14.972
-14.979
-14.873
-14.970
-14.973
-14.972
-14.974
-14.966
-14.971
-14.946
-14.955
-14.934
-14.965
-14.972
-13.863
-2.202
0.585
3.868
3.572
5.033
6.772
6.441
4.718
0.878
-7.469
-11.458
-14.069
-14.827
-14.879
-14.938
-14.433
-6.310
-4.523
-2.753
-3.367
-1.569
-0.851
2.601
3.691
4.484
3.767
4.119
4.045
3.344
2.024
2.376
2.506
0.961
-2.762
-5.274
-6.272
-13.703
-14.706
-13.955
-12.749
-6.160
-2.598
1.517
3.591
3.566
3.048
3.315
2.539
4.944
3.504
4.906
1.823
1.578
-1.164
-6.591
-12.794
-14.607
-14.879
-14.782
-13.806
-14.487
-14.821
-14.932
-14.943
-14.851
-14.926
-14.889
-14.917
-8.350
0.519
-1.641
-0.519
0.738
-3.266
-1.226
-2.748
0.665
1.889
2.060
-0.543
-5.637
-7.606
2.475
4.881
3.655
3.952
3.343
3.626
1.520
-0.028
-0.238
0.801
0.965
-0.664
-7.939
-13.336
-12.590
-14.197
-12.517
-9.628
-13.645
-14.288
-12.759
-14.515
-14.911
-12.317
-5.764
-3.971
-2.081
-2.898
-4.834
-4.825
-5.979
-6.349
-5.971
-7.551
-7.953
-6.618
-9.559
-8.158
-6.252
-5.494
-5.446
-3.594
-3.629
-4.668
-8.952
-13.865
-14.253
-14.508
-14.803
-14.754
-14.737
-14.534
-14.910
-14.869
-14.944
-14.956
-14.945
-14.963
-14.897
-12.903
-3.851
-3.031
-3.562
-4.911
-6.156
-7.844
-5.487
-3.574
-0.905
1.771
3.406
3.949
4.957
5.741
5.472
5.590
7.935
6.824
6.751
7.676
7.012
4.018
3.862
4.002
3.770
4.117
2.077
0.901
0.703
0.729
-2.235
-6.589
-10.973
-13.996
-14.729
-14.925
-14.954
-14.945
-14.945
-14.931
-9.355
-12.867
-14.178
-14.480
-14.835
-14.565
-14.698
-14.858
-14.328
-9.980
-1.338
-14.952
