-7.632
-10.515
-13.390
-14.236
-14.620
-14.614
-14.637
-14.725
-14.738
-14.773
-14.528
-14.249
-14.550
-14.695
-14.675
-14.580
-14.624
-14.623
-14.760
-14.779
-14.663
-14.732
-14.661
-14.612
-14.637
-13.689
-14.000
-14.266
-14.589
-14.709
-14.674
-14.479
-14.745
-14.832
-14.820
-14.852
-14.813
-14.857
-14.806
-14.801
-14.826
-14.799
-14.727
-14.726
-14.794
-14.852
-14.823
-14.732
-14.779
-14.812
-14.848
-14.839
-14.721
-14.817
-14.815
-14.279
-12.179
-9.620
-11.385
-12.822
-13.999
-12.978
-13.820
-13.041
-13.735
-14.224
-14.138
-14.490
-14.572
-14.633
-14.754
-14.836
-14.881
-14.838
-14.823
-14.805
-14.805
-14.816
-14.769
-14.725
-14.793
-14.797
-14.805
-14.649
-14.571
-12.738
-12.191
-13.079
-10.232
-8.636
-10.025
-8.583
-9.831
-9.824
-9.119
-8.655
-8.494
-8.105
-3.503
-1.288
9.020
12.560
9.752
16.373
22.354
25.715
29.127
29.549
29.061
28.039
29.199
29.655
28.593
26.524
24.030
19.382
11.858
12.184
10.197
4.114
-0.990
-2.268
-5.498
-6.441
6.225
9.557
21.221
26.386
28.607
28.802
28.153
28.356
27.778
27.325
26.591
22.589
16.116
14.577
13.478
11.031
10.672
9.153
22.689
28.077
30.116
30.346
30.489
29.714
29.774
29.529
28.658
26.107
21.967
10.269
1.744
-6.117
-7.739
-10.553
-11.863
-11.362
-0.496
1.782
-1.330
6.198
10.063
8.811
-0.875
-7.533
-12.757
-13.704
-13.713
-12.209
14.176
18.362
13.578
19.922
25.699
26.467
27.671
28.689
29.370
29.943
29.612
28.462
26.665
25.510
25.457
26.152
27.315
27.640
27.293
25.852
24.994
24.589
24.827
23.371
20.645
20.730
21.420
22.651
23.638
24.962
25.813
27.366
27.926
27.811
27.789
24.034
16.541
15.392
15.060
15.568
17.530
20.472
22.169
21.712
22.197
23.025
23.915
24.676
27.093
27.926
27.802
28.105
28.226
28.533
28.362
27.150
26.373
25.984
25.329
25.317
25.130
24.502
24.126
22.624
23.339
23.521
23.578
23.676
23.308
20.687
14.612
14.075
18.079
16.426
16.211
14.943
15.592
16.157
18.406
18.168
16.114
13.251
24.770
28.001
29.014
28.060
27.696
26.189
24.543
22.211
21.610
21.948
22.409
22.697
20.772
15.591
5.826
1.909
-3.096
-2.830
17.874
16.316
13.475
23.375
24.940
25.706
27.495
28.813
29.345
29.062
28.518
28.223
27.944
27.735
26.857
26.217
24.287
22.983
22.750
21.925
21.919
22.634
22.936
22.556
23.301
22.328
22.552
22.692
21.876
18.936
14.349
6.465
-2.817
-10.023
-12.187
-13.636
-13.790
-13.213
-8.182
13.119
17.096
20.735
20.582
27.093
29.390
30.428
30.632
30.648
30.016
28.934
26.538
23.209
20.675
17.980
15.753
16.403
17.008
16.918
17.725
20.376
22.743
23.877
23.812
22.922
22.390
23.038
22.834
22.690
22.970
22.251
22.341
21.530
19.478
19.410
18.271
16.789
15.456
13.206
9.103
4.442
-0.666
-7.257
-8.248
-8.569
-6.755
-8.717
-8.889
-8.730
-11.499
-10.040
-11.386
-10.066
-9.783
-11.533
-11.947
-11.801
-9.233
-10.876
-11.673
-10.510
-12.308
-13.988
-14.437
-14.375
-14.522
-14.596
-14.471
-14.394
-14.507
-14.719
-14.765
-14.664
-14.452
-14.548
-14.722
-14.601
-14.634
-14.721
-12.442
-12.659
-14.156
-14.565
-14.421
-14.628
-14.327
-14.144
-13.268
14.186
21.510
21.707
22.527
23.971
23.661
23.379
22.937
22.280
21.077
18.228
17.068
17.374
17.774
19.076
21.957
24.629
26.629
27.371
27.724
28.442
28.383
27.910
26.571
24.446
22.372
19.198
13.730
12.982
15.514
14.900
12.985
13.036
15.002
16.969
17.421
18.712
17.242
17.018
17.342
17.734
18.737
16.360
21.978
28.955
30.779
30.473
28.965
28.203
27.659
28.570
30.366
30.584
31.054
30.433
29.421
26.830
20.385
19.277
18.595
24.526
27.057
27.487
27.694
26.868
25.982
24.525
18.460
11.932
12.129
11.126
6.207
-1.124
-10.564
-12.976
-13.893
-13.983
-14.157
-14.262
-13.850
13.599
14.658
13.525
12.901
11.302
11.040
19.467
23.266
23.023
23.655
23.936
23.901
23.951
24.354
25.520
26.387
26.385
25.595
23.710
16.642
-14.675
