28.974
32.041
33.285
33.251
33.418
33.650
33.529
33.412
33.485
34.217
34.853
34.917
34.926
34.928
34.918
34.910
34.900
34.896
34.882
34.885
34.889
34.897
34.915
34.889
34.822
34.595
34.134
34.606
34.858
34.904
34.915
34.850
34.890
34.888
34.807
34.743
34.848
34.742
34.754
34.676
34.201
34.538
34.561
34.171
34.490
34.558
33.775
29.953
18.802
16.368
12.164
9.191
7.507
11.088
5.869
1.260
-1.373
-4.663
-4.526
-5.472
-6.433
-6.323
-7.214
-7.531
-8.502
-8.587
-9.017
-9.029
-8.260
-9.071
-6.475
-6.382
-7.604
-8.730
-9.489
-9.884
-10.212
-10.289
-10.834
-11.016
-0.999
14.496
29.747
33.732
34.160
34.483
34.673
34.702
34.671
34.936
34.964
34.967
34.967
34.968
34.967
34.968
34.969
34.969
34.969
34.969
34.969
34.968
34.969
34.970
34.969
34.969
34.968
34.967
34.959
34.897
34.863
34.784
34.607
34.393
34.525
34.582
34.637
34.852
34.934
34.953
34.963
34.960
34.960
34.957
34.965
34.972
34.971
34.970
34.970
34.969
34.961
34.957
34.887
34.867
34.868
34.816
34.835
34.809
34.821
34.757
34.718
34.900
34.826
34.473
34.338
34.872
34.904
34.929
34.944
34.953
34.964
34.965
34.963
34.958
34.954
34.951
34.942
34.932
34.936
34.926
34.892
34.624
33.374
31.254
27.814
23.595
21.942
22.990
28.028
31.259
32.423
34.761
34.933
34.955
34.961
34.960
34.955
34.948
34.950
34.950
34.941
34.904
34.678
33.227
27.795
25.014
21.391
21.682
16.975
22.713
24.242
22.716
27.095
33.585
34.776
34.923
34.947
34.955
34.952
34.952
34.933
34.865
34.511
33.662
32.735
31.744
30.368
27.464
27.178
31.254
34.038
34.919
34.957
34.965
34.967
34.968
34.967
34.965
34.963
34.963
34.962
34.961
34.944
34.929
34.932
34.919
34.932
34.906
34.893
33.907
23.951
21.542
15.886
27.399
31.037
33.552
34.323
34.748
34.877
34.902
34.902
34.901
34.900
34.863
34.888
34.901
34.890
34.886
34.835
34.647
34.470
33.777
32.681
34.665
34.891
34.928
34.939
34.943
34.721
28.601
23.603
15.488
5.561
10.492
20.957
27.467
24.694
30.233
29.156
34.793
34.949
34.962
34.950
34.932
34.913
34.940
34.944
34.953
34.953
34.947
34.949
34.965
34.971
34.968
34.968
34.969
34.972
34.969
34.969
34.970
34.964
34.963
34.961
34.938
34.827
34.428
33.409
32.729
29.709
29.856
30.749
30.912
29.436
32.725
34.847
34.944
34.951
34.960
34.957
34.961
34.955
34.958
34.949
34.935
34.913
34.903
34.878
34.886
34.893
34.907
34.877
34.631
34.329
34.075
33.251
32.105
30.185
27.153
21.206
13.642
11.414
5.797
4.473
4.435
1.491
-5.980
-8.014
-9.186
-10.007
-10.426
-10.747
-11.719
-12.508
-12.855
-12.447
-12.620
-12.863
-12.865
-13.152
-12.876
-12.256
-11.454
-11.802
-11.824
-12.117
-12.134
-12.053
-12.555
-12.996
-12.732
-12.783
-12.907
-12.892
-12.255
-12.320
-12.737
-12.912
-12.954
-12.261
-11.981
-11.196
-10.875
-11.781
-12.377
-12.833
-12.770
-12.779
-12.258
-4.026
10.829
14.718
14.066
16.670
17.412
17.755
24.444
30.383
28.497
34.270
34.827
34.920
34.952
34.962
34.965
34.964
34.963
34.961
34.958
34.959
34.963
34.959
34.955
34.915
34.899
34.890
34.816
33.204
24.645
15.207
7.260
9.220
11.282
11.270
6.812
21.036
25.129
25.963
19.420
19.720
13.467
11.008
21.291
15.525
17.106
14.269
8.087
9.921
13.180
13.758
13.318
12.427
9.216
2.611
3.309
4.696
3.495
3.945
3.488
2.207
3.363
1.339
0.667
-2.039
0.071
0.067
5.651
8.250
12.412
14.345
20.654
27.002
28.873
30.838
32.335
33.598
33.990
34.001
33.959
34.081
34.273
34.194
34.182
34.296
34.388
34.378
34.331
34.317
33.949
34.161
34.888
34.946
34.958
34.958
34.962
34.963
34.966
34.964
34.955
34.948
34.933
34.905
34.514
34.052
34.640
34.884
34.430
34.279
31.442
18.967
26.945
29.294
11.941
13.145
8.907
4.772
1.241
0.964
-0.360
19.841
-5.911
